11.00 47.00 : 15.00 47.00 
15.00 47.00 : 11.00 47.00 | 16.00 60.00 | 36.00 47.00 
36.00 47.00 : 15.00 47.00 | 39.00 42.00 | 40.00 53.00 
39.00 42.00 : 36.00 47.00 | 45.00 39.00 
45.00 39.00 : 39.00 42.00 | 50.00 31.00 
50.00 31.00 : 45.00 39.00 | 50.00 27.00 
50.00 27.00 : 50.00 31.00 
55.00 29.00 : 50.00 31.00 | 61.00 30.00 
61.00 30.00 : 55.00 29.00 | 66.00 38.00 
66.00 38.00 : 61.00 30.00 | 66.00 47.00 
66.00 47.00 : 66.00 38.00 | 66.00 53.00 
66.00 53.00 : 66.00 47.00 | 60.00 64.00 
60.00 64.00 : 66.00 53.00 | 55.00 64.00 
55.00 64.00 : 60.00 64.00 | 50.00 64.00 
50.00 64.00 : 55.00 64.00 | 45.00 55.00 
45.00 55.00 : 50.00 64.00 | 40.00 53.00 
40.00 53.00 : 45.00 55.00 | 36.00 47.00 
16.00 60.00 : 15.00 47.00 
